[LEFT_CAM_FHD1200]
fx = 727.329
fy = 727.384
cx = 959.902
cy = 619.139

[RIGHT_CAM_FHD1200]
fx = 727.371
fy = 727.73
cx = 964.16
cy = 617.743

[LEFT_CAM_FHD]
fx = 727.329
fy = 727.384
cx = 959.902
cy = 559.139

[RIGHT_CAM_FHD]
fx = 727.371
fy = 727.73
cx = 964.16
cy = 557.743

[LEFT_CAM_SVGA]
fx = 363.664
fy = 363.692
cx = 479.951
cy = 309.569

[RIGHT_CAM_SVGA]
fx = 363.685
fy = 363.865
cx = 482.08
cy = 308.872

[LEFT_DISTO]
k1 = 16.0538
k2 = 4.6753
p1 = 3.2491e-05
p2 = -0.000430138
k3 = 3.91235
k4 = 16.0554
k5 = 4.72892
k6 = 4.86561

[RIGHT_DISTO]
k1 = 1.26623
k2 = -6.86131
p1 = -0.000776832
p2 = 0.00115873
k3 = 3.92471
k4 = 1.2744
k5 = -6.78817
k6 = 3.79277

[STEREO]
Baseline = 851.662
TY = -0.634628
TZ = 15.8585
CV_FHD = -0.0153569
CV_SVGA = -0.0153569
CV_FHD1200 = -0.0153569
RX_FHD = 0.00362389
RX_SVGA = 0.00362389
RX_FHD1200 = 0.00362389
RZ_FHD = 0.00286408
RZ_SVGA = 0.00286408
RZ_FHD1200 = 0.00286408

