%YAML:1.0
---
Size: [ 1920, 1200 ]
K_LEFT: !!opencv-matrix
   rows: 3
   cols: 3
   dt: d
   data: [ 7.2732883861715902e+02, 0., 9.5990197732135971e+02, 0.,
       7.2738376625290527e+02, 6.1913867197165257e+02, 0., 0., 1. ]
K_RIGHT: !!opencv-matrix
   rows: 3
   cols: 3
   dt: d
   data: [ 7.2737091527862788e+02, 0., 9.6415986287437090e+02, 0.,
       7.2772977418924893e+02, 6.1774347439778194e+02, 0., 0., 1. ]
D_LEFT: !!opencv-matrix
   rows: 1
   cols: 14
   dt: d
   data: [ 1.6053839160544843e+01, 4.6753039983386397e+00,
       3.2490957830068497e-05, -4.3013848906110048e-04,
       3.9123489077676266e+00, 1.6055442100448591e+01,
       4.7289245443769934e+00, 4.8656146153130146e+00, 0., 0., 0., 0.,
       0., 0. ]
D_RIGHT: !!opencv-matrix
   rows: 1
   cols: 14
   dt: d
   data: [ 1.2662312375106286e+00, -6.8613121014969840e+00,
       -7.7683198667680760e-04, 1.1587303939974256e-03,
       3.9247148777905378e+00, 1.2744026368753276e+00,
       -6.7881749800142197e+00, 3.7927702414677276e+00, 0., 0., 0., 0.,
       0., 0. ]
R: !!opencv-matrix
   rows: 3
   cols: 1
   dt: d
   data: [ 3.6238852174947998e-03, -1.5356922713249456e-02,
       2.8640787535243401e-03 ]
T: !!opencv-matrix
   rows: 3
   cols: 1
   dt: d
   data: [ -8.5166192675431557e+02, -6.3462774189120763e-01,
       1.5858479339558556e+01 ]
