[CAM_FHD1200]
fx=733.2609176336717
fy=733.241554413717
cx=957.6837738816081
cy=620.1182443784475

[CAM_FHD]
fx=733.2609176336717
fy=733.241554413717
cx=957.6837738816081
cy=560.11824437845

[CAM_SVGA]
fx=366.63045881684
fy=366.62077720686
cx=478.8418869408
cy=310.05912218922

[DISTO]
k1=0.019271776389180973
k2=0.010256021323002865
k3=-0.005567258751269531
k4=0.03783630066774467
k5=0.04289604226689324
k6=-0.013459694315490376
p1=0.00040978911699083843
p2=-0.000314636172584587

[MISC]
Sensor_ID=1

