[CAM_FHD1200]
fx=735.2651503081862
fy=735.3793655229347
cx=960.9811823541752
cy=619.9027534981514

[CAM_FHD]
fx=735.2651503081862
fy=735.3793655229347
cx=960.9811823541752
cy=559.90275349815

[CAM_SVGA]
fx=367.63257515409
fy=367.68968276147
cx=480.49059117709
cy=309.95137674908

[DISTO]
k1=0.01012101410277167
k2=-0.0014481362268506347
k3=-0.0037632930728363602
k4=0.0282854467650607
k5=0.03097042162745829
k6=-0.01213946696120723
p1=5.632247325348849e-05
p2=-9.976260093543624e-05

[MISC]
Sensor_ID=1

